   0.00000000       0.00000000    



   9.99999978E-03   9.99966636E-03



   1.99999996E-02   1.99973322E-02



   2.99999993E-02   2.99910046E-02



   3.99999991E-02   3.99786830E-02



   4.99999970E-02   4.99583930E-02



   5.99999987E-02   5.99281564E-02



   7.00000003E-02   6.98859990E-02



   7.99999982E-02   7.98299909E-02



   8.99999961E-02   8.97581726E-02



   9.99999940E-02   9.96686444E-02



  0.109999999      0.109559521    



  0.119999997      0.119428925    



  0.129999995      0.129274994    



  0.140000001      0.139095947    



  0.149999991      0.148889944    



  0.159999996      0.158655256    



  0.170000002      0.168390170    



  0.179999992      0.178092912    



  0.189999998      0.187761933    



  0.199999988      0.197395548    



  0.209999993      0.206992194    



  0.219999999      0.216550305    



  0.229999989      0.226068377    



  0.239999995      0.235544965    



  0.250000000      0.244978666    



  0.259999990      0.254368037    



  0.269999981      0.263711780    



  0.280000001      0.273008674    



  0.289999992      0.282257408    



  0.299999982      0.291456759    



  0.310000002      0.300605685    



  0.319999993      0.309702933    



  0.329999983      0.318747550    



  0.340000004      0.327738494    



  0.349999994      0.336674839    



  0.359999985      0.345555604    



  0.370000005      0.354379922    



  0.379999995      0.363147020    



  0.389999986      0.371856004    



  0.399999976      0.380506307    



  0.409999996      0.389097273    



  0.419999987      0.397627980    



  0.429999977      0.406098038    



  0.439999998      0.414506882    



  0.449999988      0.422853947    



  0.459999979      0.431138694    



  0.469999999      0.439360857    



  0.479999989      0.447519928    



  0.489999980      0.455615610    



  0.500000000      0.463647664    



  0.509999990      0.471615553    



  0.519999981      0.479519278    



  0.529999971      0.487358540    



  0.539999962      0.495133191    



  0.550000012      0.502843201    



  0.560000002      0.510488212    



  0.569999993      0.518068552    



  0.579999983      0.525583863    



  0.589999974      0.533034146    



  0.599999964      0.540419519    



  0.610000014      0.547739983    



  0.620000005      0.554995716    



  0.629999995      0.562186778    



  0.639999986      0.569313109    



  0.649999976      0.576375127    



  0.659999967      0.583373070    



  0.669999957      0.590306699    



  0.680000007      0.597176790    



  0.689999998      0.603983045    



  0.699999988      0.610725939    



  0.709999979      0.617405772    



  0.719999969      0.624023139    



  0.729999959      0.630577743    



  0.740000010      0.637070298    



  0.750000000      0.643501043    



  0.759999990      0.649870336    



  0.769999981      0.656178653    



  0.779999971      0.662426293    



  0.789999962      0.668613434    



  0.799999952      0.674740851    



  0.810000002      0.680808902    



  0.819999993      0.686817765    



  0.829999983      0.692767978    



  0.839999974      0.698659778    



  0.849999964      0.704494119    



  0.859999955      0.710271180    



  0.870000005      0.715990961    



  0.879999995      0.721654773    



  0.889999986      0.727262616    



  0.899999976      0.732815027    



  0.909999967      0.738312483    



  0.919999957      0.743755579    



  0.930000007      0.749144256    



  0.939999998      0.754480362    



  0.949999988      0.759762466    



  0.959999979      0.764992416    



  0.969999969      0.770165324    



  0.979999959      0.775253356    



  0.989999950      0.780038238    



   1.00000000      0.782898128    



