 -0.120000005     -0.127833366    



 -0.116000004     -0.123298220    



 -0.112000003     -0.118783534    



 -0.108000003     -0.114289142    



 -0.104000002     -0.109814875    



 -0.100000001     -0.105360508    



  -9.60000008E-02 -0.100925915    



  -9.20000076E-02  -9.65109169E-02



  -8.80000070E-02  -9.21152979E-02



  -8.40000063E-02  -8.77389237E-02



  -8.00000057E-02  -8.33816081E-02



  -7.60000050E-02  -7.90432021E-02



  -7.20000044E-02  -7.47235492E-02



  -6.80000037E-02  -7.04224557E-02



  -6.40000030E-02  -6.61398098E-02



  -6.00000024E-02  -6.18754067E-02



  -5.60000017E-02  -5.76291159E-02



  -5.20000011E-02  -5.34007773E-02



  -4.80000004E-02  -4.91902493E-02



  -4.40000035E-02  -4.49973717E-02



  -4.00000028E-02  -4.08219956E-02



  -3.60000022E-02  -3.66639867E-02



  -3.20000015E-02  -3.25231925E-02



  -2.80000009E-02  -2.83994731E-02



  -2.40000002E-02  -2.42926944E-02



  -2.00000014E-02  -2.02027075E-02



  -1.60000008E-02  -1.61293820E-02



  -1.20000001E-02  -1.20725809E-02



  -8.00000038E-03  -8.03217199E-03



  -4.00000019E-03  -4.00802167E-03



   0.00000000       0.00000000    



   4.00000019E-03   3.99202155E-03



   8.00000038E-03   7.96816964E-03



   1.20000001E-02   1.19285705E-02



   1.60000008E-02   1.58733502E-02



   2.00000014E-02   1.98026299E-02



   2.40000002E-02   2.37165261E-02



   2.80000009E-02   2.76151691E-02



   3.20000015E-02   3.14986706E-02



   3.60000022E-02   3.53671461E-02



   4.00000028E-02   3.92207168E-02



   4.40000035E-02   4.30594906E-02



   4.80000004E-02   4.68835868E-02



   5.20000011E-02   5.06931096E-02



   5.60000017E-02   5.44881895E-02



   6.00000024E-02   5.82689084E-02



   6.40000030E-02   6.20353930E-02



   6.80000037E-02   6.57877475E-02



   7.20000044E-02   6.95260689E-02



   7.60000050E-02   7.32504651E-02



   8.00000057E-02   7.69610405E-02



   8.40000063E-02   8.06579068E-02



   8.80000070E-02   8.43411684E-02



   9.20000076E-02   8.80108774E-02



   9.60000008E-02   9.16671827E-02



  0.100000001       9.53101814E-02



  0.104000002       9.89399627E-02



  0.108000003      0.102556594    



  0.112000003      0.106160194    



  0.116000004      0.109750859    



  0.120000005      0.113328680    



  0.124000005      0.116893761    



  0.128000006      0.120446160    



  0.131999999      0.123985976    



  0.136000007      0.127513304    



  0.140000001      0.131028265    



  0.144000009      0.134530872    



  0.148000002      0.138021305    



  0.152000010      0.141499564    



  0.156000003      0.144965768    



  0.160000011      0.148420006    



  0.164000005      0.151862353    



  0.168000013      0.155292913    



  0.172000006      0.158711702    



  0.176000014      0.162118867    



  0.180000007      0.165514454    



  0.184000015      0.168898553    



  0.188000008      0.172271237    



  0.192000002      0.175632596    



  0.196000010      0.178982660    



  0.200000003      0.182321563    



  0.204000011      0.185649380    



  0.208000004      0.188966081    



  0.212000012      0.192271918    



  0.216000006      0.195566788    



  0.220000014      0.198850855    



  0.224000007      0.202124193    



  0.228000015      0.205386847    



  0.232000008      0.208638892    



  0.236000016      0.211880371    



  0.240000010      0.215111420    



  0.244000018      0.218332037    



  0.248000011      0.221542269    



  0.252000004      0.224742308    



  0.256000012      0.227932066    



  0.260000020      0.231111735    



  0.263999999      0.234281272    



  0.268000007      0.237440854    



  0.272000015      0.240590498    



  0.276000023      0.243730202    



  0.280000001      0.246860072    



  0.284000009      0.249980241    



  0.288000017      0.253090650    



  0.292000026      0.256191403    



  0.296000004      0.259282619    



  0.300000012      0.262364209    



  0.304000020      0.265436441    



  0.308000028      0.268499255    



  0.312000006      0.271552742    



  0.316000015      0.274596840    



  0.320000023      0.277631760    



  0.324000001      0.280657500    



  0.328000009      0.283674091    



  0.332000017      0.286681592    



  0.336000025      0.289680064    



  0.340000004      0.292669594    



  0.344000012      0.295650244    



  0.348000020      0.298622042    



  0.352000028      0.301584929    



  0.356000006      0.304539174    



  0.360000014      0.307484746    



  0.364000022      0.310421526    



  0.368000031      0.313349873    



  0.372000009      0.316269606    



  0.376000017      0.319180727    



  0.380000025      0.322083563    



  0.384000003      0.324977875    



  0.388000011      0.327863961    



  0.392000020      0.330741554    



  0.396000028      0.333611041    



  0.400000006      0.336472213    



  0.404000014      0.339325309    



  0.408000022      0.342170238    



  0.412000030      0.345007151    



  0.416000009      0.347835988    



  0.420000017      0.350656867    



  0.424000025      0.353469849    



  0.428000033      0.356274873    



  0.432000011      0.359072030    



  0.436000019      0.361861467    



  0.440000027      0.364643157    



  0.444000036      0.367416948    



  0.448000014      0.370183259    



  0.452000022      0.372941911    



  0.456000030      0.375692934    



  0.460000008      0.378436387    



  0.464000016      0.381172329    



  0.468000025      0.383900851    



  0.472000033      0.386621982    



  0.476000011      0.389335603    



  0.480000019      0.392041951    



  0.484000027      0.394740969    



  0.488000035      0.397432745    



  0.492000014      0.400117248    



  0.496000022      0.402794689    



  0.500000000      0.405464768    



  0.504000008      0.408127844    



  0.508000016      0.410783917    



  0.512000024      0.413432777    



  0.516000032      0.416074812    



  0.520000041      0.418709815    



  0.524000049      0.421337843    



  0.527999997      0.423958868    



  0.532000005      0.426573277    



  0.536000013      0.429180712    



  0.540000021      0.431781322    



  0.544000030      0.434375286    



  0.548000038      0.436962336    



  0.552000046      0.439542860    



  0.556000054      0.442116737    



  0.560000002      0.444683850    



  0.564000010      0.447244346    



  0.568000019      0.449798375    



  0.572000027      0.452345878    



  0.576000035      0.454886764    



  0.580000043      0.457421303    



  0.584000051      0.459949255    



  0.588000000      0.462470859    



  0.592000008      0.464986056    



  0.596000016      0.467494816    



  0.600000024      0.469997287    



  0.604000032      0.472493440    



  0.608000040      0.474983245    



  0.612000048      0.477466911    



  0.616000056      0.479944170    



  0.620000005      0.482415199    



  0.624000013      0.484880000    



  0.628000021      0.487338722    



  0.632000029      0.489791214    



  0.636000037      0.492237478    



  0.640000045      0.494677722    



  0.644000053      0.497111678    



  0.648000002      0.499539554    



  0.652000010      0.501961470    



  0.656000018      0.504377007    



  0.660000026      0.506786644    



  0.664000034      0.509189963    



  0.668000042      0.511587560    



  0.672000051      0.513978779    



  0.676000059      0.516363978    



  0.680000007      0.518742859    



  0.684000015      0.521115780    



  0.688000023      0.523482502    



  0.692000031      0.525843203    



  0.696000040      0.528197706    



  0.700000048      0.530545712    



  0.704000056      0.532887876    



  0.708000004      0.535223603    



  0.712000012      0.537553072    



  0.716000021      0.539875984    



  0.720000029      0.542192876    



  0.724000037      0.544503033    



  0.728000045      0.546806693    



  0.732000053      0.549103737    



  0.736000061      0.551394284    



  0.740000010      0.553677857    



  0.744000018      0.555954695    



  0.748000026      0.558224559    



  0.752000034      0.560487270    



  0.756000042      0.562743008    



  0.760000050      0.564991295    



  0.764000058      0.567232013    



  0.768000007      0.569465160    



  0.772000015      0.571690559    



  0.776000023      0.573907971    



  0.780000031      0.576117039    



  0.784000039      0.578317881    



  0.788000047      0.580510080    



  0.792000055      0.582693160    



  0.796000063      0.584867299    



  0.800000012      0.587031662    



  0.804000020      0.589186370    



  0.808000028      0.591331124    



  0.812000036      0.593464911    



  0.816000044      0.595588088    



  0.820000052      0.597700000    



  0.824000061      0.599799991    



  0.828000069      0.601887643    



  0.832000017      0.603962481    



  0.836000025      0.606023967    



  0.840000033      0.608071566    



  0.844000041      0.610104501    



  0.848000050      0.612122059    



  0.852000058      0.614123821    



  0.856000066      0.616108477    



  0.860000014      0.618075609    



  0.864000022      0.620024204    



  0.868000031      0.621953189    



  0.872000039      0.623861790    



  0.876000047      0.625748813    



  0.880000055      0.627613008    



  0.884000063      0.629453361    



  0.888000071      0.631268322    



  0.892000020      0.633056641    



  0.896000028      0.634817064    



  0.900000036      0.636547565    



  0.904000044      0.638246775    



  0.908000052      0.639912665    



  0.912000060      0.641543806    



  0.916000068      0.643137932    



  0.920000017      0.644692719    



  0.924000025      0.646206260    



  0.928000033      0.647676051    



  0.932000041      0.649099410    



  0.936000049      0.650473833    



  0.940000057      0.651796520    



  0.944000065      0.653064251    



  0.948000073      0.654274166    



  0.952000022      0.655422330    



  0.956000030      0.656505644    



  0.960000038      0.657520175    



  0.964000046      0.658461869    



  0.968000054      0.659326553    



  0.972000062      0.660109520    



  0.976000071      0.660806179    



  0.980000019      0.661411583    



  0.984000027      0.661920428    



  0.988000035      0.662326872    



  0.992000043      0.662625134    



  0.996000051      0.662809134    



